-1 -2 676.0 468 0
7 1 885.0 41 1
5 -3 38.0 366 2
-10 9 422.0 58 3
8 -1 863.0 292 4
-8 -7 234.0 324 5
8 2 899.0 665 6
-4 -6 864.0 85 7
-5 -1 438.0 753 8
-7 0 646.0 382 9
4 -7 7.0 321 10
-1 -3 343.0 175 11
0 -2 315.0 173 12
9 4 425.0 938 13
-6 4 659.0 823 14
-7 7 516.0 638 15
6 0 853.0 429 16
-10 0 475.0 719 17
4 1 420.0 112 18
-5 -1 889.0 289 19
2 2 231.0 726 20
-10 -4 108.0 515 21
-5 -6 160.0 49 22
4 1 856.0 86 23
3 4 869.0 754 24
-10 -7 778.0 153 25
2 -6 339.0 635 26
-4 -5 211.0 318 27
10 -3 563.0 386 28
-5 6 48.0 987 29
0 6 391.0 691 30
-5 -10 900.0 416 31
-4 8 737.0 131 32
5 9 811.0 964 33
-9 -9 665.0 737 34
-5 -4 976.0 511 35
-2 4 162.0 244 36
0 -5 295.0 981 37
1 8 576.0 661 38
-2 -2 931.0 624 39
9 -2 275.0 33 40
-2 -5 272.0 477 41
-7 -8 916.0 889 42
6 -6 636.0 631 43
-5 0 369.0 853 44
-9 -3 340.0 702 45
-2 -6 646.0 549 46
-4 -1 918.0 765 47
-1 -2 167.0 37 48
4 6 728.0 432 49
-2 4 710.0 546 50
-2 3 483.0 671 51
6 8 164.0 12 52
-5 6 178.0 826 53
-6 2 816.0 92 54
-4 4 839.0 902 55
-2 -5 21.0 763 56
-4 -2 260.0 41 57
4 -1 238.0 635 58
6 -5 311.0 999 59
9 -3 30.0 789 60
8 4 218.0 8 61
-10 5 2.0 287 62
8 -4 187.0 786 63
-3 1 868.0 491 64
3 -9 320.0 608 65
-1 0 331.0 84 66
4 0 348.0 484 67
-3 1 938.0 439 68
3 -1 737.0 714 69
1 7 923.0 402 70
10 -1 33.0 771 71
2 -3 253.0 580 72
10 1 970.0 813 73
8 -7 36.0 912 74
2 -7 572.0 310 75
1 5 127.0 644 76
4 2 291.0 907 77
7 -8 406.0 242 78
-7 -7 53.0 626 79
-2 3 148.0 85 80
-5 5 638.0 523 81
-4 5 366.0 141 82
-2 2 75.0 195 83
-7 2 34.0 633 84
10 -7 287.0 846 85
-9 -3 661.0 909 86
-7 6 993.0 53 87
7 -7 9.0 61 88
-3 9 850.0 913 89
-5 -10 71.0 401 90
-9 3 392.0 699 91
9 -6 375.0 964 92
-5 5 291.0 97 93
-1 3 639.0 770 94
-2 -3 440.0 405 95
1 9 494.0 115 96
-10 -8 949.0 129 97
1 10 938.0 641 98
-9 -3 729.0 713 99
